((("howm" .
   [3 0 0 0])
  ("gitignore" .
   [1 0 0 0 0 0 0 0 0])
  ("opt" .
   [1 0 0])
  ("agent" .
   [1 0 0 0 0])
  ("id" .
   [1 0])
  ("pw" .
   [1 0])
  ("com" .
   [1 0 0])
  ("sho_yokoi" .
   [1 0 0 0 0 0 0 0 0])
  ("情報処理学会" .
   [1 0 0 0 0 0])
  ("解約済" .
   [1 0 0])
  ("deluxe" .
   [1 0 0 0 0 0])
  ("training_data_set_size" .
   [0 0 0 0 0 0 0 0 0 0 0 0 0 0 0 0 0 0 0 0 0 1])
  ("clear" .
   [1 0 0 0 0])
  ("rate" .
   [1 0 0 0])
  ("y_given" .
   [0 0 0 0 1 0 0])
  ("x_given" .
   [0 0 0 0 1 0 0])
  ("cross_validation" .
   [0 0 0 0 0 0 0 0 0 0 0 0 0 0 0 1])
  ("training_data_size" .
   [0 0 0 0 0 0 0 0 0 0 0 0 0 0 0 0 1 0])
  ("discriminant_result" .
   [0 0 0 0 0 0 0 0 0 0 1 0 0 0 0 0 0 0 0])
  ("x_test" .
   [1 0 0 0 0 0])
  ("discriminant_func" .
   [0 0 0 0 0 0 0 0 0 0 0 0 0 0 0 0 1])
  ("theta" .
   [4 0 0 0 0])
  ("alph" .
   [7 0 0 0])
  ("y_trainig" .
   [0 0 0 0 0 1 0 0 0])
  ("size" .
   [5 0 0 0])
  ("training" .
   [1 0 0 0 0 0 0 0])
  ("y_training" .
   [0 0 0 0 0 0 0 0 0 3])
  ("x_training" .
   [1 0 0 0 0 1 0 0 1 0])
  ("discriminant" .
   [1 0 0 0 0 0 0 0 0 0 0 0])
  ("italic" .
   [1 0 0 0 0 0])
  ("app" .
   [2 0 0])
  ("emacsclient-nw" .
   [0 0 0 0 0 0 0 0 0 0 0 0 0 1])
  ("org/landing/" .
   [0 0 0 1 0 0 0 0 0 0 0 0])
  ("Excel" .
   [1 0 0 0 0])
  ("Ricty" .
   [2 0 0 0 0])
  (".plist" .
   [1 0 0 0 0 0])
  ("MATRIX_DIM" .
   [0 0 0 0 0 1 0 0 0 0])
  ("flat_map" .
   [0 0 0 0 0 1 0 0])
  ("test" .
   [2 0 0 0])
  ("evenb" .
   [3 0 0 0 0])
  ("Some" .
   [1 0 0 0])
  ("None" .
   [1 0 0 0])
  ("assoc" .
   [1 0 0 0 0])
  ("list" .
   [5 0 0 0])
  ("body" .
   [3 0 0 0])
  ("rest" .
   [2 0 0 0])
  ("mumble" .
   [0 0 0 1 0 2])
  ("nil" .
   [6 0 0])
  ("SCase" .
   [0 0 1 0 0])
  ("IHl1'" .
   [0 0 0 0 3])
  ("Case" .
   [4 0 0 0])
  ("app_assoc" .
   [0 0 0 0 0 1 0 0 0])
  ("rev" .
   [2 0 0])
  ("snoc" .
   [1 0 0 0])
  ("snoc_append" .
   [0 0 0 0 0 1 0 0 0 0 0])
  ("IHn'" .
   [0 0 0 1])
  ("app_nil_end" .
   [0 0 0 0 0 0 1 0 0 0 0])
  ("rewrite" .
   [0 0 0 8 0 0 1])
  ("l1'" .
   [4 0 0])
  ("destruct" .
   [0 0 0 0 0 0 2 1])
  ("Dictionaries" .
   [0 0 0 0 0 0 0 0 1 0 0 0])
  ("beq_natlist" .
   [0 0 0 1 0 0 0 0 0 0 0])
  ("nonzeros" .
   [0 0 0 1 0 0 0 4])
  ("Lists" .
   [1 0 0 0 0])
  ("typing.ml" .
   [1 0 0 0 0 0 0 0 0])
  ("report3.ml" .
   [1 0 0 0 0 0 0 0 0 0])
  ("html" .
   [1 0 0 0])
  ("C-c" .
   [1 0 0])
  ("***" .
   [10 0 0])
  ("1.5" .
   [1 0 0])
  ("DEBUG_MODE" .
   [0 0 1 0 0 0 0 0 0 0])
  ("then" .
   [1 0 0 0])
  ("print_newline" .
   [1 0 0 0 0 0 0 0 0 0 0 0 0])
  ("print_string" .
   [0 0 0 0 0 0 0 1 0 0 0 0])
  ("printing" .
   [1 0 0 0 0 0 0 0])
  ("result" .
   [1 0 0 0 1 0])
  ("pp_val" .
   [0 0 1 0 0 0])
  ("begin" .
   [3 0 0 0 0])
  ("in" .
   [1 0])
  ("3.3" .
   [2 0 0])
  ("LT" .
   [1 0])
  ("AND" .
   [2 0 0])
  ("OR" .
   [1 0])
  ("Ex." .
   [3 0 0])
  ("3.2" .
   [1 0 0])
  ("f" .
   [2])
  ("fun" .
   [2 0 0])
  ("after" .
   [1 0 0 0 0])
  ("4.0" .
   [1 0 0])
  ("const17" .
   [1 0 0 0 0 0 0])
  ("let" .
   [10 0 0])
  ("nandb" .
   [1 0 0 0 0])
  ("negb" .
   [3 0 0 1])
  ("test_orb1" .
   [0 0 0 0 0 0 0 0 3])
  ("Qed" .
   [0 0 17])
  ("reflexivity" .
   [0 0 0 9 0 0 0 0 0 0 16])
  ("Proof" .
   [1 0 0 4 8])
  ("orb" .
   [7 0 0])
  ("Example" .
   [0 0 1 2 3 0 1])
  ("end" .
   [13 0 0])
  ("true" .
   [22 0 0 2])
  ("false" .
   [20 0 0 2 0])
  ("with" .
   [8 0 1 0])
  ("match" .
   [9 0 0 0 1])
  ("Definition" .
   [1 0 0 0 0 0 1 0 1 0])
  ("bool" .
   [15 0 0 0])
  ("Type" .
   [0 0 1 0])
  ("Inductive" .
   [2 0 0 0 0 0 0 0 0])
  ("tuesday" .
   [0 0 0 1 0 0 0])
  ("saturday" .
   [0 0 0 0 0 3 0 0])
  ("simpl" .
   [3 0 0 5 14])
  ("Eval" .
   [2 0 1 6])
  ("friday" .
   [0 0 0 1 0 0])
  ("next_weekday" .
   [0 0 0 0 0 0 0 0 4 0 0 3])
  ("next_wednesday" .
   [0 0 0 1 0 0 0 0 0 0 0 0 0 2])
  ("printf" .
   [7 0 0 0 0 0])
  ("dist" .
   [6 0 0 0])
  ("neighborhood" .
   [0 0 0 1 0 0 0 0 0 0 0 0])
  ("while" .
   [3 0 0 0 0])
  ("continue" .
   [1 0 0 0 0 0 0 0])
  ("label_b" .
   [1 0 0 0 0 0 0])
  ("label_a" .
   [1 0 0 0 0 0 0])
  ("upperright_label" .
   [1 0 0 0 0 0 1 2 0 0 0 0 0 0 0 0])
  ("label_max" .
   [0 0 0 0 0 0 0 2 0])
  ("new_label" .
   [2 0 1 0 0 1 1 0 0])
  ("old_label" .
   [1 0 0 1 0 0 1 0 0])
  ("associate_label" .
   [1 0 0 0 3 0 0 0 0 0 0 0 0 0 0])
  ("label_association_table" .
   [0 0 0 0 0 0 0 0 0 3 1 0 0 0 0 0 0 0 0 0 0 0 1])
  ("upperleft_label" .
   [3 0 0 0 0 0 1 4 1 1 1 0 0 0 1])
  ("contrast_stretch" .
   [0 0 0 0 0 1 0 0 0 0 0 0 0 0 0 0])
  ("label_region" .
   [0 0 0 0 0 0 0 0 1 0 0 0])
  ("related_label" .
   [0 0 0 0 2 0 0 0 0 0 0 0 0])
  ("label_tmp" .
   [0 0 0 0 0 0 0 1 0])
  ("label_chain_t" .
   [1 0 0 0 0 0 0 0 0 0 0 0 0])
  ("NULL" .
   [2 0 0 1])
  ("next" .
   [1 0 0 0])
  ("label_chain_s" .
   [0 0 0 0 0 0 0 0 0 0 0 0 1])
  ("typedef" .
   [1 0 0 0 0 0 0])
  ("label_chain" .
   [1 0 1 0 0 3 0 0 0 0 0])
  ("struct" .
   [3 0 0 0 1 0])
  ("t" .
   [2])
  ("left" .
   [2 0 0 1])
  ("upper_label" .
   [2 0 0 4 1 3 1 0 0 0 4])
  ("left_label" .
   [0 0 0 0 4 2 0 1 0 3])
  ("left_px_has_label" .
   [0 0 0 0 0 0 0 2 0 0 0 0 0 0 0 0 1])
  ("max_label" .
   [0 0 0 0 0 0 3 0 3])
  ("xc" .
   [12 0])
  ("emit_label" .
   [0 0 0 0 0 0 1 0 0 0])
  ("label2" .
   [1 0 0 0 0 0])
  ("label" .
   [2 0 0 0 1])
  ("strdup" .
   [1 0 0 0 0 0])
  ("ret" .
   [4 0 0])
  ("buf" .
   [2 0 0])
  ("sprintf" .
   [1 0 0 0 0 0 0])
  ("80" .
   [1 0])
  ("static" .
   [1 0 0 0 0 0])
  ("make_label_lret" .
   [0 0 0 0 0 0 2 2 0 0 0 0 0 0 0])
  ("$2" .
   [1 0])
  ("print_indent" .
   [0 0 0 0 0 0 0 1 0 0 0 0])
  ("print_tree_newline" .
   [0 0 0 0 0 0 0 0 0 0 0 0 1 0 0 0 0 0])
  ("token_kind" .
   [0 0 0 0 0 0 0 0 1 0])
  ("char" .
   [9 0 0 0])
  ("src/run.sh" .
   [0 0 0 0 0 0 1 0 0 0])
  ("output/eye_sobel2.pgm" .
   [0 0 0 0 0 0 0 0 1 0 1 0 0 0 0 0 0 0 0 0 0])
  ("問題2" .
   [2 0 0])
  ("output/eye_sobel.pgm" .
   [0 0 0 0 0 0 0 1 0 0 1 0 0 0 0 0 0 0 0 0])
  ("output/eye_dy.pgm" .
   [0 0 0 0 0 0 0 0 1 0 0 0 0 0 0 0 0])
  ("input/eye.pgm" .
   [0 0 0 0 0 0 0 1 0 0 0 0 0])
  ("output/mandrill_sobel2.pgm" .
   [0 0 0 0 0 0 0 0 0 0 1 1 0 0 0 0 0 0 0 0 0 0 0 0 0 1])
  ("input/mandrill.pgm" .
   [0 0 0 0 0 0 0 0 0 0 1 0 0 0 0 0 0 0])
  ("Sobelオペレータによるエッジ検出" .
   [0 0 0 0 0 1 0 0 0 0 0 0 0 0 0 0 0 0])
  ("pgm" .
   [11 0 0])
  ("output/eye_dx.pgm" .
   [0 0 0 0 0 0 0 1 0 0 1 0 0 0 0 0 0])
  ("c" .
   [1])
  ("src/image_process.c" .
   [0 0 0 0 0 0 0 0 0 1 0 0 0 0 0 0 0 0 0])
  ("intのダブルポインタによる二次元配列に格納" .
   [0 0 0 0 2 0 0 0 0 0 0 0 0 0 0 0 0 0 0 0 0 0])
  ("default" .
   [1 0 0 0 0 0 0])
  ("ERROR_ARG" .
   [0 0 0 2 0 0 0 0 0])
  ("goto" .
   [2 0 0 0])
  ("s" .
   [1])
  ("argc" .
   [2 0 0 0])
  ("img_data_smoothed" .
   [0 0 0 0 0 0 0 0 0 0 0 0 2 0 0 0 0])
  ("img_data_sobel_dy" .
   [0 0 0 0 0 0 0 0 0 0 0 2 0 0 0 0 0])
  ("img_data_tmp" .
   [7 0 0 0 0 0 0 0 0 0 6 2])
  ("edge_detection_sobel" .
   [0 0 0 0 1 0 0 0 0 0 0 0 0 0 0 0 0 0 0 1])
  ("img_data_dy" .
   [4 0 0 0 0 0 0 0 0 0 0])
  ("img_data_dx" .
   [5 0 0 1 0 0 0 0 0 0 0])
  ("img_data_sobel_dx" .
   [0 0 0 0 0 0 0 0 0 0 0 1 0 0 0 0 2])
  ("normalize" .
   [0 0 0 1 1 0 0 0 0])
  ("img_data_processed2" .
   [1 0 0 0 0 0 0 0 0 0 0 0 0 0 0 0 0 0 1])
  ("ratio" .
   [1 0 0 0 0])
  ("ratio_for_normalize" .
   [0 0 0 0 0 2 0 0 0 0 0 0 0 0 0 0 0 0 0])
  ("nomalize" .
   [0 0 0 0 1 0 0 0])
  ("max" .
   [2 0 0])
  ("min_data" .
   [0 0 0 4 0 0 0 1])
  ("max_data" .
   [1 0 0 1 0 0 0 1])
  ("min" .
   [7 0 0])
  ("last_index" .
   [0 0 0 1 1 0 0 0 0 0])
  ("quick_sort" .
   [0 0 0 1 0 0 0 0 0 0])
  ("all_data" .
   [0 0 0 3 0 0 0 0])
  ("transform_abs" .
   [1 0 0 0 0 2 0 0 0 0 0 0 0])
  ("free_2D" .
   [0 0 0 0 0 1 1])
  ("arr" .
   [3 0 0])
  ("input_data" .
   [1 0 0 0 0 0 0 0 0 0])
  ("malloc_2D" .
   [1 0 0 0 2 0 0 0 2])
  ("edge_detection_sobel_dx" .
   [2 0 0 0 0 0 0 0 0 0 0 0 0 0 0 0 0 0 0 0 0 0 0])
  ("img_data_out2" .
   [4 0 0 0 0 0 0 0 0 0 0 0 0])
  ("malloc_2Darray" .
   [1 0 0 0 0 0 0 0 0 0 0 0 0 2])
  ("array" .
   [5 0 0 0 0])
  ("output_data" .
   [0 0 0 0 0 1 0 0 0 0 0])
  ("malloc" .
   [2 0 0 0 0 0])
  ("sizeof" .
   [7 0 0 0 1 0])
  ("stdin" .
   [1 0 0 0 0])
  ("img_data2" .
   [5 0 0 0 0 0 0 0 2])
  ("fp" .
   [2 0])
  ("input_data2" .
   [1 0 0 0 0 0 0 0 0 0 1])
  ("sobel_mask_dy" .
   [3 0 0 0 0 0 0 0 0 0 0 0 0])
  ("edge_detection_sobel_dy" .
   [5 0 0 0 0 0 0 0 0 0 0 0 0 0 0 0 0 0 0 0 0 0 0])
  ("img_data_out" .
   [10 0 0 0 0 0 0 0 0 0 5 5])
  ("MAX_WIDTH" .
   [0 0 0 5 0 1 0 0 0])
  ("MAX_HEIGHT" .
   [0 0 0 6 0 0 0 0 0 0])
  ("mask" .
   [2 0 0 0])
  ("FILE" .
   [4 0 0 0])
  ("break" .
   [8 0 0 0 0])
  ("grad_x_sobel" .
   [0 0 0 0 0 0 1 0 0 0 0 0])
  ("case" .
   [7 0 0 0])
  ("filter_size" .
   [0 0 0 0 0 0 0 0 0 0 1])
  ("filter" .
   [14 0 0 0 0 1])
  ("sobel_mask_dx" .
   [0 0 1 1 0 6 0 0 0 0 0 0 0])
  ("new_value" .
   [0 0 0 3 0 0 1 0 0])
  ("mask_offset_col" .
   [1 0 0 0 0 0 0 0 0 0 0 0 0 0 0])
  ("mask_offset_row" .
   [1 0 0 0 0 0 0 0 0 0 0 0 0 0 1])
  ("yc_target" .
   [0 0 2 5 0 0 0 0 1])
  ("xc_target" .
   [0 0 4 3 0 0 0 0 0])
  ("mask_size_col" .
   [1 0 0 0 3 0 0 0 0 0 0 0 1])
  ("mask_size_row" .
   [0 0 0 0 5 0 0 0 0 0 0 0 0])
  ("mask_size_x" .
   [0 0 0 0 1 0 0 0 0 0 0])
  ("const" .
   [16 0 0 0 0])
  ("img_data_processed" .
   [2 0 0 0 0 0 0 0 0 3 7 1 7 0 0 0 0 23])
  ("width" .
   [10 0 3 21 3])
  ("height" .
   [7 0 1 37 1 4])
  ("col" .
   [13 0 0])
  ("row" .
   [14 0 0])
  ("print_tree3" .
   [0 0 0 0 0 0 0 0 0 0 1])
  ("print_tree2" .
   [0 0 0 0 0 1 0 0 0 0 0])
  ("print_tree" .
   [2 0 0 0 0 0 0 0 0 0])
  ("print_Identifier" .
   [0 0 0 0 0 0 0 0 0 1 0 0 0 0 0 0])
  ("print_token_node" .
   [1 0 0 0 0 0 0 0 0 1 0 0 0 0 0 0])
  ("print_declarator" .
   [1 0 0 0 0 0 0 0 0 0 0 0 0 0 0 0])
  ("print_declarator_list" .
   [1 0 0 0 0 0 0 0 0 1 0 0 0 0 0 0 0 0 0 0 0])
  ("cur_depth" .
   [0 0 0 3 0 0 0 0 0])
  ("i" .
   [5])
  ("depth" .
   [3 0 0 0 0])
  ("print_declaration" .
   [0 0 0 0 0 0 0 0 0 1 0 0 0 0 0 0 0])
  ("DECLARATION" .
   [0 0 1 0 0 0 0 0 0 0 0])
  ("switch" .
   [2 0 0 0 0 0])
  ("second" .
   [2 0 0 0 0 0])
  ("print_external_declaration" .
   [1 0 0 0 0 0 0 0 1 0 0 0 0 0 0 0 0 0 0 0 0 0 0 0 0 1])
  ("first" .
   [7 0 0 1 0])
  ("p" .
   [4])
  ("CONS" .
   [2 0 0 0])
  ("type" .
   [5 0 0 0])
  ("tree" .
   [9 0 0 0])
  ("print_program" .
   [0 0 0 0 0 0 0 0 0 0 2 0 0])
  ("void" .
   [29 0 0 0])
  ("segment_DAM" .
   [1 0 0 0 0 0 0 0 0 1 0])
  ("external_declation" .
   [0 0 0 0 0 0 0 0 0 0 0 0 0 0 0 0 0 1])
  ("declaration" .
   [1 0 0 2 0 0 0 0 0 1 0])
  ("int" .
   [171 0 0])
  ("declarator_list" .
   [1 0 0 0 0 0 0 0 0 0 0 0 0 0 3])
  ("declarator" .
   [0 0 0 2 0 0 0 0 0 2])
  ("Identifer" .
   [0 0 0 3 1 0 0 0 0])
  ("function_definition" .
   [0 0 0 0 0 1 0 0 0 0 0 0 0 0 0 0 0 0 0])
  ("parameter_type_list_opt" .
   [0 0 0 0 1 0 1 0 0 0 0 0 0 0 0 0 0 0 0 0 0 0 0])
  ("$$" .
   [1 0])
  ("parameter_type_list" .
   [0 0 0 0 0 0 0 0 0 0 0 0 0 0 0 0 0 0 2])
  ("parameter_declaration" .
   [0 0 0 0 0 0 1 0 0 0 0 0 0 0 0 0 0 0 0 0 1])
  ("compound_statement" .
   [0 0 0 1 1 0 0 0 0 0 0 0 0 0 0 0 0 0])
  ("expression" .
   [0 0 0 2 0 1 0 0 0 5])
  ("statement" .
   [0 0 1 2 0 1 0 1 0])
  ("ELSE" .
   [0 0 1 0])
  ("WHILE" .
   [0 0 0 1 0])
  ("RETURN" .
   [0 0 0 0 0 1])
  ("expression_opt" .
   [0 0 0 0 0 0 0 0 0 0 0 0 1 0])
  ("declarator_list_opt" .
   [0 0 0 0 0 0 0 0 0 0 0 0 0 0 0 0 1 0 0])
  ("statement_list_opt" .
   [0 0 0 0 0 0 0 0 0 0 0 0 0 0 1 0 0 1])
  ("statement_list" .
   [0 0 0 0 0 0 0 0 0 0 0 0 0 2])
  ("declaration_list" .
   [0 0 0 0 0 0 0 0 0 0 0 0 0 0 0 1])
  ("assign_expr" .
   [0 0 0 2 2 1 0 0 0 0 0])
  ("logical_OR_expr" .
   [0 0 0 0 0 0 0 1 0 0 0 0 0 0 1])
  ("logical_AND_expr" .
   [0 0 0 1 2 0 0 0 0 0 0 0 0 0 0 0])
  ("equality_expr" .
   [0 0 1 3 0 0 0 0 0 0 0 0 0])
  ("relational_expr" .
   [0 0 0 0 3 0 0 1 0 0 0 0 0 0 0])
  ("NEQ" .
   [1 0 0])
  ("add_expr" .
   [0 0 0 4 0 0 0 0])
  ("LEQ" .
   [1 0 0])
  ("GEQ" .
   [1 0 0])
  ("mult_expr" .
   [0 0 0 3 1 0 0 0 0])
  ("unary_expr" .
   [0 0 1 2 0 0 0 0 0 0])
  ("postfix_expr" .
   [0 0 0 1 0 0 0 0 0 0 0 0])
  ("primary_expr" .
   [0 0 0 0 1 0 0 0 0 0 0 0])
  ("argument_expression_list_opt" .
   [0 0 0 1 0 0 0 0 0 0 0 0 0 0 0 0 0 0 0 0 0 0 0 0 0 1 0 0])
  ("argument_expression_list" .
   [0 0 0 0 1 0 0 0 0 0 0 0 0 0 0 0 0 0 0 0 0 0 0 1])
  ("declaration_list_opt" .
   [0 0 0 0 0 0 0 0 0 0 0 0 0 0 0 0 0 0 0 1])
  ("d" .
   [1])
  ("include" .
   [2 0 0 1 0 0 0])
  ("num" .
   [1 0 0])
  ("func" .
   [1 0 0 0])
  ("double" .
   [10 0 0 0 3 0])
  ("MAX_LINE" .
   [1 0 0 0 0 0 0 0])
  ("maximum_value" .
   [2 0 0 2 29 7 3 0 1 1 0 0 0])
  ("omega_" .
   [1 0 0 0 0 0])
  ("average_all" .
   [0 0 0 0 0 1 0 0 0 2 6])
  ("fprintf" .
   [13 0 1 0 5 1 1])
  ("stdout" .
   [7 0 0 0 4 0])
  ("threshold" .
   [2 0 5 0 4 0 0 0 0])
  ("for" .
   [9 0 0])
  ("tmp" .
   [18 0 0])
  ("average_0" .
   [1 0 0 0 0 0 0 0 0])
  ("omega_0" .
   [0 0 0 0 0 0 1])
  ("pixel_count" .
   [0 0 0 0 0 0 0 0 0 0 1])
  ("omega_th" .
   [0 0 0 0 0 1 0 2])
  ("omega" .
   [2 0 0 0 0])
  ("between_class_var" .
   [0 0 0 7 0 0 0 0 0 0 0 0 0 0 0 0 0])
  ("mu_th" .
   [0 0 0 0 1])
  ("numerator" .
   [0 0 0 0 2 0 1 0 1])
  ("denominator" .
   [0 0 0 2 2 0 0 0 0 0 0])
  ("if" .
   [29 0])
  ("else" .
   [19 0 0 0])
  ("max_var" .
   [0 0 0 0 0 2 1])
  ("img_data" .
   [10 0 3 25 2 1 1 9])
  ("stderr" .
   [8 0 0 0 0 0])
  ("return" .
   [21 0 1 0 0 1])
  ("cur_offset" .
   [1 0 0 0 0 0 2 2 0 1])
  ("token_offset" .
   [0 0 0 0 0 0 0 1 0 0 0 0])
  ("問題3" .
   [1 0 0])
  ("出力画像" .
   [1 0 0 0])
  ("output/mandrill_sobel.pgm" .
   [0 0 0 0 0 0 0 1 0 0 0 0 0 0 0 0 0 0 0 0 0 0 0 0 0])
  ("問題2の結果を見ると、" .
   [0 0 0 0 0 0 1 0 0 0 0])
  ("img_data_smoothed2" .
   [1 0 0 0 0 0 0 0 0 0 0 0 1 0 0 0 0 0])
  ("img_data_smoothed3" .
   [2 0 0 0 0 0 0 0 0 0 0 0 0 0 0 0 0 0])
  ("main" .
   [1 0 0 1])
  ("unsigned" .
   [1 0 0 0 1 0 0 1])
  ("float" .
   [12 0 0 0 0])
  ("squaref" .
   [4 0 0 0 0 0 0])
  ("squarei" .
   [3 0 0 0 0 0 0])
  ("square" .
   [1 0 0 0 0 0])
  ("long" .
   [14 0 0 0])
  ("radius" .
   [2 0 0 0 4 0])
  ("range" .
   [1 0 0 0 0])
  ("radius_min" .
   [1 0 0 0 0 0 0 0 2 0])
  ("radius_max" .
   [0 0 0 0 0 0 0 0 0 1])
  ("tmp_low" .
   [0 0 0 0 0 0 1])
  ("tmp_high" .
   [0 0 0 0 0 0 1 0])
  ("yc" .
   [15 0])
  ("img_data_param_space" .
   [0 0 0 0 0 0 0 0 1 0 0 1 0 0 5 0 0 0 0 0])
  ("height_param_space" .
   [0 0 0 0 0 0 0 0 0 1 0 2 0 0 0 0 0 0])
  ("width_param_space" .
   [0 0 0 0 0 0 0 0 2 0 0 1 0 0 0 0 0])
  ("extract_circle_by_Hough" .
   [0 0 0 0 0 1 0 0 0 0 0 0 0 0 0 0 0 0 0 0 0 0 0])
  ("max_val" .
   [4 0 0 0 0 0 0])
  ("max_yc" .
   [3 0 0 0 0 0])
  ("max_xc" .
   [3 0 0 0 0 2])
  ("fgets" .
   [0 0 1 0 0])
  ("macho" .
   [1 0 0 0 0])
  ("-arch" .
   [1 0 0 0 0])
  ("a.o" .
   [1 0 0])
  ("配列長" .
   [0 0 1])
  ("ポインタ変数" .
   [0 0 0 0 1 0])
  ("MAX_BIN" .
   [0 0 0 1 0 0 0])
  ("short" .
   [1 0 0 0 0])
  ("bin" .
   [7 0 0])
  ("len" .
   [6 0 0])
  ("alias" .
   [1 0 0 0 0])
  ("compute" .
   [0 0 0 0 2 0 9])
  ("Check" .
   [0 0 2 0 16])
  ("check" .
   [4 0 0 0 0])
  ("day" .
   [1 0 0])
  ("factorial" .
   [0 0 0 0 0 0 0 1 0])
  ("mult" .
   [1 0 0 0])
  ("m" .
   [1])
  ("m'" .
   [2 0])
  ("blt_nat" .
   [0 0 0 1 0 0 0])
  ("andb" .
   [3 0 0 0])
  ("ble_nat" .
   [0 0 0 1 0 0 0])
  ("equality" .
   [0 0 1 0 0 0 0 0])
  ("beq_nat" .
   [0 0 0 2 0 0 0])
  ("plus" .
   [3 0 0 1])
  ("nat" .
   [12 0 0])
  ("plus_nat" .
   [0 0 0 1 1 1 0 0])
  ("forall" .
   [0 0 0 1 0 1])
  ("n1" .
   [3 0])
  ("n3" .
   [2 0])
  ("Prop" .
   [0 0 0 1])
  ("n2" .
   [2 0])
  ("induction" .
   [1 0 0 0 0 0 0 0 2])
  ("Pzero" .
   [1 0 0 0 0])
  ("intros" .
   [0 0 0 0 0 1])
  ("exists" .
   [1 0 0 0 0 0])
  ("apply" .
   [2 0 0 0 0])
  ("Pind" .
   [0 0 1 0])
  ("zero_plus" .
   [0 0 0 0 1 1 0 0 0])
  ("Extraction" .
   [1 0 1 0 0 0 0 0 0 0])
  ("ref" .
   [2 0 0])
  ("contents" .
   [0 0 0 0 0 0 0 1])
  ("val" .
   [1 0 0])
  ("p.contents" .
   [0 0 0 0 2 0 0 0 0 0])
  ("eval" .
   [1 0 0 0])
  ("Fixpoint" .
   [0 0 0 0 1 1 0 0])
  ("decreasing" .
   [0 0 0 0 1 0 0 0 0 0])
  ("decreasing_two_by_two" .
   [0 0 0 0 0 0 0 0 0 0 0 0 0 0 0 0 0 0 0 0 2])
  ("decl" .
   [2 0 0 0])
  ("dec_two_by_two" .
   [0 0 0 0 3 0 0 0 1 0 0 0 0 0])
  ("plus'" .
   [1 0 0 0 0])
  ("**" .
   [14 0])
  ("s1" .
   [2 0])
  ("s2" .
   [3 0])
  ("subst_eqs" .
   [0 0 0 0 0 0 0 1 0])
  ("subst_type" .
   [0 0 0 0 0 0 0 0 1 1])
  ("ty2" .
   [2 0 0])
  ("eqs" .
   [2 0 0])
  ("eqs_of_subst" .
   [0 0 0 0 0 0 2 0 0 0 0 0])
  ("sret" .
   [3 0 0 0])
  ("n" .
   [1])
  ("unify" .
   [0 0 0 0 1])
  ("subst" .
   [1 0 0 0 0])
  ("vector" .
   [11 0 0 0 0 5])
  ("alert_arg" .
   [0 0 0 0 1 0 0 0 0])
  ("param_s" .
   [1 0 0 0 0 0 0])
  ("param_a" .
   [1 0 0 0 0 0 0])
  ("param_b" .
   [1 0 0 0 0 0 0])
  ("inner_product_v" .
   [0 0 0 0 0 0 0 0 0 0 0 0 0 0 1])
  ("x1" .
   [1 0])
  ("x2" .
   [1 0])
  ("kernel" .
   [2 0 0 0 0 0])
  ("kernel_0" .
   [0 0 0 0 0 1 1 1])
  ("kernel_1" .
   [1 0 0 0 0 0 0 0])
  ("kernel_2" .
   [1 0 0 0 0 0 0 0])
  ("kernel_3" .
   [1 0 0 0 0 0 0 0])
  ("kernel_func" .
   [0 0 0 0 0 0 0 0 1 0 0])
  ("emacs" .
   [2 0 1 0 0])
  ("daemon" .
   [1 0 0 1 0 0])
  ("****" .
   [1 0 0 0])
  ("が起きていないと動かない" .
   [0 0 0 0 1 0 0 0 0 0 0 0])
  ("iTunes" .
   [1 0 0 0 0 0])
  ("認証解除" .
   [1 0 0 0])
  ("iCloud" .
   [1 0 0 0 0 0])
  ("OS" .
   [1 0])
  ("App" .
   [1 0 0])
  ("bfseries" .
   [1 0 0 0 0 0 0 0])
  ("space" .
   [1 0 0 0 0])
  ("org" .
   [2 0 0])
  ("org-capture" .
   [1 0 0 0 0 0 0 0 0 0 0])
  ("Theorem" .
   [0 0 0 0 0 0 2])
  ("Sm" .
   [1 0])
  ("Print" .
   [0 0 0 0 1])
  ("数理統計" .
   [3 0 0 0])
  ("再現率" .
   [2 0 0])
  ("F値" .
   [2 0])
  ("and" .
   [1 0 0])
  ("上位k件" .
   [1 0 0 0])
  ("MAP" .
   [3 0 0])
  ("nDCG" .
   [3 0 0 0])
  ("DCG" .
   [1 0 0])
  ("適合率" .
   [1 0 0])
  ("適合率再現率曲線" .
   [1 0 0 0 0 0 0 0])
  ("ベクトル空間モデル" .
   [1 0 0 0 0 0 0 0 0])
  ("内積" .
   [1 0])
  ("P@k" .
   [1 0 0])
  ("情報システム" .
   [2 0 0 0 0 0])
  ("田中先生分" .
   [2 0 0 0 0])
  ("1時間35分" .
   [1 0 0 0 0 0])
  ("02/03" .
   [1 0 0 0 0])
  ("---" .
   [1 0 0])
  ("計算と論理" .
   [0 0 1 1 0])
  ("田島先生分" .
   [1 0 0 0 0])
  ("coqc" .
   [1 0 0 0])
  ("02/07" .
   [1 0 0 0 0])
  ("04時間35分" .
   [1 0 0 0 0 0 0])
  ("kill-emacs" .
   [1 0 0 0 0 0 0 0 0 0])
  ("河原先生" .
   [1 0 0 0])
  ("異体字以外の" .
   [1 0 0 0 0 0])
  ("表記ゆれの自動認識" .
   [1 0 0 0 0 0 0 0 0])
  ("分布類似度計算が必要だから" .
   [1 0 0 0 0 0 0 0 0 0 0 0 0])
  ("名詞の意味分類" .
   [1 0 0 0 0 0 0])
  ("人名/地名/組織名" .
   [1 0 0 0 0 0 0 0 0])
  ("など" .
   [1 0])
  ("Wiki" .
   [1 0 0 0])
  ("の使い方メモを作る" .
   [1 0 0 0 0 0 0 0 0])
  ("--prefix=" .
   [1 0 0 0 0 0 0 0 0])
  ("automake" .
   [1 0 0 0 0 0 0 0])
  ("/configure" .
   [1 0 0 0 0 0 0 0 0 0])
  ("--prefix" .
   [1 0 0 0 0 0 0 0])
  ("Linux" .
   [1 0 0 0 0])
  ("juman" .
   [1 0 0 0 0])
  ("動いている" .
   [1 0 0 0 0])
  ("dic" .
   [1 0 0])
  ("to" .
   [1 0])
  ("make" .
   [1 0 0 0])
  ("install" .
   [1 0 0 0 0 0 0])
  ("モデルの入手" .
   [2 0 0 0 0 0])
  ("語彙獲得の実行に必要な準備" .
   [0 0 0 0 0 0 0 0 0 0 0 1 0])
  ("memo" .
   [2 0 0 0])
  ("辞書のコンパイル" .
   [2 0 0 0 0 0 0 0])
  ("2-4" .
   [1 0 0])
  ("は、" .
   [2 0])
  ("大規模テキストからの辞書構築" .
   [1 0 0 0 0 0 0 0 0 0 0 0 0 0])
  ("optional" .
   [1 0 0 0 0 0 0 0])
  ("システム全体としてはコンパイルした" .
   [1 0 0 0 0 0 0 0 0 0 0 0 0 0 0 0 0])
  ("CPAN" .
   [1 0 0 0])
  ("ssh" .
   [1 0 0])
  ("tmux" .
   [1 0 0 0])
  ("misc" .
   [2 0 0 0])
  ("murawaki/" .
   [1 0 0 0 0 0 0 0 0])
  ("md" .
   [1 0])
  ("河原先生バイト" .
   [2 0 0 0 0 0 0])
  ("Emacs" .
   [1 0 0 0 0])
  ("Dropbox" .
   [1 0 0 0 0 0 0])
  ("Evernote" .
   [1 0 0 0 0 0 0 0])
  ("RD" .
   [0 1])
  ("Markdown" .
   [1 0 0 0 0 0 0 0])
  ("C-x" .
   [1 0 0])
  ("howm-history" .
   [1 0 0 0 0 0 0 0 0 0 0 0])
  ("howm-keys" .
   [1 0 0 0 0 0 0 0 0])
  ("ショートカットの衝突回避" .
   [1 0 0 0 0 0 0 0 0 0 0 0])
  ("キーワード間の自動リンク" .
   [1 0 0 0 0 0 0 0 0 0 0 0])
  ("iPhone" .
   [1 0 0 0 0 0])
  ("編集子" .
   [0 0 1])))
